	J0		
t	vx	vy	
0.000000E0		
3.333333E-2	4.359752E-2	3.251633E-2
6.666667E-2	-2.898051E-2	-4.878489E-2
1.000000E-1	-1.452802E-2	7.611770E-3
1.333333E-1	2.020715E-2	1.353821E-2
1.666667E-1	3.233750E-2	4.986978E-2
2.000000E-1	-2.919833E-2	-3.026057E-2
2.333333E-1	-3.717543E-2	-1.026981E-2
2.666667E-1	-2.813893E-3	1.731538E-3
3.000000E-1	-6.209004E-3	-6.923241E-3
3.333333E-1	7.081182E-3	3.606245E-2
3.666667E-1	2.406663E-2	4.015567E-2
4.000000E-1	5.158257E-3	5.618525E-3
4.333333E-1	-2.059147E-2	-3.548367E-2
4.666667E-1	1.932178E-2	4.663774E-2
5.000000E-1	-6.336736E-3	-1.155545E-2
5.333333E-1	-1.977015E-2	-4.039437E-2
5.666667E-1	2.081904E-2	2.455230E-2
6.000000E-1	-4.638849E-3	-2.784675E-2
6.333333E-1	6.469352E-3	1.315245E-3
6.666667E-1	1.764488E-2	1.668671E-2
7.000000E-1	1.348267E-3	-1.513299E-2
7.333333E-1	-7.895715E-3	-2.339713E-2
7.666667E-1	-2.242583E-2	-4.391884E-2
8.000000E-1	-1.842669E-4	-3.196767E-2
8.333333E-1	-1.322966E-3	-3.648949E-2
8.666667E-1	-2.033277E-2	-3.077790E-2
9.000000E-1	-3.764352E-2	-4.045312E-2
9.333333E-1	5.170447E-3	3.622180E-3
9.666667E-1	2.531229E-2	3.571207E-2
1.000000E0	-3.334555E-2	-6.004900E-2
1.033333E0	-2.505799E-2	-6.300115E-2
1.066667E0	9.688612E-3	-3.683422E-3
1.100000E0	8.641741E-3	-6.148035E-3
1.133333E0	-6.297927E-3	-2.310355E-2
1.166667E0	-6.205653E-3	-2.361034E-2
1.200000E0	-4.011921E-3	-2.260399E-2
1.233333E0	1.815741E-2	-2.667532E-3
1.266667E0	1.985270E-2	5.635541E-3
1.300000E0	2.657353E-3	-4.434082E-4
1.333333E0	-1.562593E-2	-5.876035E-3
1.366667E0	-2.775813E-3	-1.762855E-4
1.400000E0	1.329989E-2	4.138065E-3
1.433333E0	-3.683089E-2	3.962732E-3
1.466667E0	-3.550253E-2	6.880964E-3
1.500000E0	-2.267881E-3	9.923666E-4
1.533333E0	-4.257619E-3	-1.084221E-3
1.566667E0	-4.812917E-3	6.069015E-4
1.600000E0	-9.715751E-3	-1.239635E-3
1.633333E0	-6.317171E-3	-8.340823E-4
1.666667E0	-9.991909E-3	8.997358E-4
1.700000E0	-1.006161E-2	-2.601362E-3
1.733333E0	1.041864E-3	-1.481438E-3
1.766667E0	-1.372034E-3	-1.285800E-3
1.800000E0	-2.123363E-3	-2.620223E-3
1.833333E0	-3.398037E-3	-5.427902E-3
1.866667E0	-1.153804E-3	-4.601418E-3
1.900000E0	2.420483E-4	2.006799E-3
1.933333E0	2.092747E-3	5.391604E-3
1.966667E0	2.951804E-3	8.995675E-3
2.000000E0	-2.290253E-2	1.210163E-2
2.033333E0	-6.941929E-2	1.138824E-2
2.066667E0	-4.903346E-2	6.360079E-3
2.100000E0	4.450093E-4	9.042607E-3
2.133333E0	4.412568E-2	1.313411E-1
2.166667E0	3.765721E-2	4.693682E-1
2.200000E0	4.794343E-4	5.677439E-1
2.233333E0	4.764037E-2	4.433783E-1
2.266667E0	4.298550E-2	3.533542E-1
2.300000E0	5.983036E-2	3.321993E-1
2.333333E0	4.267529E-2	5.665363E-1
2.366667E0	1.282921E-1	6.566508E-1
2.400000E0	8.410964E-2	6.357788E-1
2.433333E0	-9.856656E-2	6.653243E-1
2.466667E0	-1.108874E-1	6.530035E-1
2.500000E0	-1.848123E-1	5.544369E-1
2.533333E0	-1.724915E-1	3.819454E-1
2.566667E0	-2.587372E-1	3.080205E-1
2.600000E0	-6.283618E-1	3.326622E-1
2.633333E0	-6.530035E-1	3.449830E-1
2.666667E0	-5.544369E-1	2.464164E-1
2.700000E0	-6.653243E-1	2.094539E-1
2.733333E0	-4.928328E-1	1.108874E-1
2.766667E0	-6.283618E-1	-1.232082E-2
2.800000E0	-9.487032E-1	1.478498E-1
2.833333E0	-9.117407E-1	1.601707E-1
2.866667E0	-8.131741E-1	4.928328E-2
2.900000E0	-8.994199E-1	2.464164E-2
2.933333E0	-8.868492E-1	2.282286E-3
2.966667E0	-7.528999E-1	7.980957E-2
3.000000E0	-5.624443E-1	3.449689E-2
3.033333E0	-7.284575E-1	1.930469E-2
3.066667E0	-9.181980E-1	1.093043E-1
3.100000E0	-7.094306E-1	8.999721E-2
3.133333E0	-5.157153E-1	5.520892E-2
3.166667E0	-4.821694E-1	6.873671E-2
3.200000E0	-5.725047E-1	5.434188E-2
3.233333E0	-5.902890E-1	-1.957805E-2
3.266667E0	-4.862986E-1	-1.190113E-1
3.300000E0	-2.214121E-1	-1.481984E-1
3.333333E0	-1.172655E-1	-2.214744E-1
3.366667E0	-1.104593E-1	-4.517486E-1
3.400000E0	-9.790656E-2	-4.912774E-1
3.433333E0	-1.550663E-2	-1.641146E-1
3.466667E0	6.411114E-3	5.451522E-3
3.500000E0	-2.055766E-2	-4.633576E-2
3.533333E0	-1.187917E-3	-3.685690E-2
3.566667E0	-1.440307E-2	-1.454756E-2
3.600000E0	-1.458468E-2	4.371517E-3
3.633333E0	-3.839408E-3	-1.090843E-2
3.666667E0	-2.406778E-3	-3.127637E-2
3.700000E0	1.492620E-3	-3.877283E-2
3.733333E0	4.852788E-3	-1.936710E-2
3.766667E0	1.029006E-2	-1.716618E-2
3.800000E0	-1.365651E-2	3.448940E-2
3.833333E0	3.793071E-3	-8.611301E-3
3.866667E0	3.089769E-3	4.523135E-3
3.900000E0	4.804627E-3	-6.539983E-3
3.933333E0	2.477452E-2	-6.168912E-2
3.966667E0	-1.437134E-3	6.208015E-3
4.000000E0	-2.482254E-2	6.149759E-2
4.033333E0	4.906143E-3	-5.624289E-3
4.066667E0	-2.017417E-3	5.634792E-4
4.100000E0	-4.992727E-3	2.814228E-3
4.133333E0	-3.156642E-4	8.873070E-3
4.166667E0	-2.945308E-2	6.432281E-2
4.200000E0	-1.024477E-4	-7.230708E-3
4.233333E0	2.213167E-3	-7.714892E-4
4.266667E0	2.729701E-2	-5.955300E-2
4.300000E0	-7.780719E-4	9.397355E-3
4.333333E0	-3.349954E-3	1.103301E-2
4.366667E0	-6.995644E-3	-1.524195E-2
4.400000E0	-3.356780E-2	3.354943E-2
4.433333E0	-3.182183E-3	-3.462642E-2
4.466667E0	6.016123E-3	-3.933982E-2
4.500000E0	-6.929909E-3	9.202598E-3
4.533333E0	-2.938975E-3	8.395052E-3
4.566667E0	1.394943E-2	-1.964085E-2
4.600000E0	1.327666E-2	-3.021365E-2
4.633333E0	-1.650367E-2	1.259083E-2
4.666667E0	6.160081E-3	-4.027171E-3
4.700000E0	2.087852E-2	-4.305137E-2
4.733333E0	1.038178E-3	-1.286601E-2
4.766667E0	-5.731661E-3	2.445212E-2
4.800000E0	5.287405E-3	-6.378109E-3
4.833333E0	1.527586E-3	5.393129E-3
4.866667E0	5.455761E-3	-5.148085E-3
4.900000E0	8.394458E-5	4.923048E-4
4.933333E0	3.261023E-4	-1.202927E-4
4.966667E0	-2.143908E-4	1.856658E-3
5.000000E0	1.776080E-3	-8.300447E-4
5.033333E0	9.775727E-4	-3.404946E-5
5.066667E0	1.533650E-3	-1.539163E-3
5.100000E0	-1.241879E-3	-2.399855E-4
5.133333E0	-1.380036E-3	-4.302826E-4
5.166667E0	3.378573E-4	1.017939E-3
5.200000E0	6.021649E-4	-1.167196E-3
5.233333E0	4.016392E-4	3.341457E-4
5.266667E0	5.982845E-4	4.507695E-4
5.300000E0	1.362506E-3	1.966282E-3
5.333333E0	-2.909500E-4	-7.067705E-4
5.366667E0	-1.115955E-3	-2.148206E-3
5.400000E0	4.188409E-4	-8.259942E-4
5.433333E0	-1.462246E-4	-3.621420E-4
5.466667E0	1.560971E-4	-7.332371E-4
5.500000E0	3.309690E-4	1.282592E-4
5.533333E0	-3.509981E-4	2.454477E-3
5.566667E0	6.210421E-5	-4.431871E-4
5.600000E0	-9.749591E-5	3.185982E-4
5.633333E0	-3.048846E-4	-1.316644E-5
5.666667E0	2.420821E-3	-2.185530E-3
5.700000E0	7.909756E-4	1.042310E-3
5.733333E0	3.428600E-4	1.254742E-3
5.766667E0	-7.772003E-4	-2.852338E-4
5.800000E0	-2.360998E-3	1.213187E-3
5.833333E0	-6.279030E-5	-1.424625E-3
5.866667E0	1.881149E-3	-6.203072E-4
5.900000E0	6.320992E-4	2.404091E-3
5.933333E0	1.273055E-3	-1.230038E-4
5.966667E0	1.394510E-4	-9.604066E-4
6.000000E0	-2.299693E-3	-9.412521E-4
6.033333E0	-2.304306E-4	-9.196539E-4
6.066667E0	2.811873E-3	-4.004020E-3
6.100000E0	2.939841E-2	-5.468599E-2
6.133333E0	-2.954653E-2	6.282382E-2
6.166667E0	1.604202E-4	-5.734390E-3
6.200000E0	2.442290E-2	-5.424141E-2
6.233333E0	-2.939229E-2	6.572935E-2
6.266667E0	-5.017794E-4	-2.131516E-3
6.300000E0	2.727050E-2	-5.900739E-2
6.333333E0	-2.238220E-2	6.072824E-2
6.366667E0	1.046938E-3	-7.239082E-3
6.400000E0	-1.509704E-3	-4.450394E-3
6.433333E0	-3.419502E-4	1.912328E-3
6.466667E0	2.308074E-2	-5.507667E-2
6.500000E0	-2.602817E-2	6.530501E-2
6.533333E0	9.529229E-4	-3.923372E-3
6.566667E0	2.356807E-2	-6.287871E-2
6.600000E0	-2.614068E-2	6.814849E-2
6.633333E0		
